
S="{5,5,5,..(86x5)..,5,50,50,50,50,50,50,50,50,100}";
pElem=1/100;



