%%
%a

P2 = 1*5/2/(1+2+(2)*(2)+(2)*(2)*(180)+5/2);
P3 = 1/(1+2+(2)*(2)+(2)*(2)*(180)+5/2);
P4 = (1*2)/(1+2+(2)*(2)+(2)*(2)*(180)+5/2);
P5 = (1*2)*2/(1+2+(2)*(2)+(2)*(2)*(180)+5/2);
P6 = (1*2)*2*180/(1+2+(2)*(2)+(2)*(2)*(180)+5/2);
p=[P6 P5 P4 P3 P2]

%%
%b

T2 = 1/2
T3 = 1/25
T4 = 1/50
T5 = 1/200
T6 = 1/1

%%
%c

probs= [10^-6 10^-5 10^-4 10^-3 10^-2];

media=sum((probs .* p))


%%
%e
int= P2+P3

%%
%f

probsf= [10^-3 10^-2];
media2=sum((probsf .* [P3 P2]));
r=media2/int