
S="{5,5,5,..(86x5)..,5,50,50,50,50,50,50,50,50,100}";
p5=10/11;
p50=1/11;
p100=1/99;
f="{(x,y) pertencentes a  N, X pertencente a {5,50,100} ^ x pertencente a N: f(5)=9/10, f(50)=9/100, f(100)=1/100}"